1111119119 “
,ς 11 ben
ξ 1119111111 1111111111.

1111111 61111111. 14 6111191119. , 1.11111111111111111 111111. 1 3638 8442825
3 (1111911111. 15 4111111119. · 111191111111111111. 11 31 4317 2925 24
1111111111 11111111. 16 61111111. 1111119111111111111111 262541423314 ”
3111191111 1. 1111111111. 1311 1111111111. “ 1. 1111111111. 111 341442 36 16 33
7111111 11111111. , 13 5111111111 111191111191111111111. 1 37 33 29 23 31 43

. 1111111111111111111111111. 1. 1111111, 111. 11111111111111

33111118111111111311. 1410131111. . 11111111111111111. 11 28 42 1415-11 ’
’ 15 5111111119. 1. «ὓ111111111111 111. 11413044111534

2 1 111111 11111111. 15 2111111119 a. 1. Q. 1.131111111111111191111111Π 14 36 35 37 21 45

- 1 11111) in W· ' ³

1111111 1119. 15 111111111119. 1. «1119111111, 9111. 11 424417 433837
1 11111 1111111. 15 - 1111111111. 1.1)111111111. 11394131313139
· 15 8111111111. · 1111111111. 11 45 45 33 1831131-

·· 1111111111 11111111. 16 2111111111. 111119111111111. 1114012 45 45 40 41

1111111111 111 1111111111111111 11111111, 111 111 11111111111611111111 3111111111111
81119 1111111111 1111111119 11111 11111161111111111 11111 11111111.

11111111. 1. 111191111111111111111111111111111111111 11 111 1111111111 11111 131 1111911111. (1111119113.
1.Θῴ1111117. 1111111 11. 3111111111 13.

'⁸ 2.11111)1111111111 111111 vom Θ1111111111111911111111 1111111111 11111111 11 1111111. 1111111111

s 1111111199118 13111111, 1111111111 6 11311111 111911131111111 111111 1111111911, 11111, . ·

111111. 1111111, 1119. 11111, 11111111111111991111111111111. ι

· ----*——-

111111 1111111111111111111118111111.

. 1111111 1) 111 11111111 111111111111Θ11111111 1111 11) 111111 811111111111111111111111 511.

sturme-nahe: 1) 111119111 n) 111 11131111111111 1111 911111111111111111111 111 1111111

’1111111111 111191111111111111111111. 111111 111 ‘protestantem 1. 4· 111111. -,- 1111111111 Θ1111111 11111111, .

 

