,11881888118881 ·

Ι,181

’ 1181111188,11811111888-118888118888. ¹

...-..-.-..ι-·.,-.

8)181888· ι8 188 881881ῑί818 1818181888 ’ ’

1838811818,11881888811881188188118111818,1111118118118811881818811888811.1111881881 ,
· 88188111811111111181 1881. 1 11818818188111118811181118.Ι ·

1181181. 1888118111881, 18888118 881 1881. 188 3. 1118881818 11818, 11111188 18118811181888

8 “ 18818888 1111111881. , ,

18881 1181818188, 18818188 1882. 1188811818. · ‚

, 91181881 11881881, 1881188188 1. 1188811818. ,¹

Dr 18881118118188,11881111881811811888118811888188·

’. [1811818811111881818188881118818188,18188188181118888118111181181181811811188888 ’ ¹

1188818818.
181888111118188 1188188, 1188181188 881 188181881118188 1181181888, 181888 188 1118111188 88811188
1811118 118 1181881118818818 1881181188 181 188881881881 188 1881811188 1818181)
,11881 11181181, 181888 188 1188111188188 1188118 ‘
3818111811,118118818188888188311,1188188188188111818181181818.181818.
381811 111811, 118118818188888188211,111888818818831118818181811818.
118188 1181888188, 1181188181888881881. 11 1818111818.
18181188 111811, 11811811 881111818188 88 18811. 1111188118 1181118818, 18118881181118111188 8811188 ’
,11111811811881181118888188181.181. ¹
Dr 111181811811, 1818118818188811188811181, 188181818211818188181. 181818.

11818188818111811818818188188 18 188 ’18111188 881 1181111118, 8881 188 1888118ιί88 1ιι 188 1188181118
18181188 11111888 188 1881111188 1188881188 18 1888181181118188 1818188118 88118111.

¹ .

 

