¹ 11111111111111111111111111111. 1
11111111) 111 11111111 111111111191111111 41111111 11 3111111111 1111111111 11. Ι

111111111111111 1) 11111111 11111 11111111111111 1111111111 111111 1111111111111111111111
111 111 11111111111111111111111111 1111111111 111 1111 111111111111111 111111111111111111. b), 111
111 1111111111 (1111111111111113.1111111 1111111111111 Q. 11111111. 1311 1111111 111111. 1111111111
1111111111, 11 (1.111111111111111. (1111111111111111 1111 111111111111111111 111 1111. 11111111 eine 111111
1111111111 111111. - 2) 11111111 11111111 Θ111111111 11111111 11 (1111111111, 1111111111111 111 11111111,
1111111111 1111111111 1111111111 ς1111111111 11 111111111111111, 1111111111 111 1111111111 1111111111 ς1111111111 1111
1111111 11111111111111111. - 3) 1111111111 1111111111111111111111111111111111111111111111111 ¹
111 11111111 1111 11111111 (11111111111111111111 111111111111111111111111 1111111 111111111111111111.
. 171 -· 11111 11111111 11111 1111111111 11 11111111111111111111011111111111110111.111. 1.-1, 1111111-
11111111111111111. 81111111 111. 11. 1, 11, 13, 11. 11 111 lib. 111. 1-1, 8, 9, 11 -113, 11. - 1) &riv
1111111 1111111111 1111111111111111 11111111 111 13111111 1111 111111111111117111111111111, ,11111111111111
1111111111 111 111111 1111111111αῴ Ι, 1 111 1, 2; in 111111 11111111 111 1111111111 111111, 111

1111111111 1111111111111 11111111 111 1111111111, 1111111111111.-711111111111111 1111111111111111 .

1111111111 111 31111111, 111111111111 111 1111111111111111111111 (111111111111,1111111111 111 (1111111
11111111111111111111111111111111,1111111111 1111111111.11111111111111131111- 1111111111
11111111111111111111111 1711111111 1111111111 111 1111111111 1111111111 111 1111111111 111 1111111 111) 1111
1111 11111111 111 111111111111 111 111 11111111111.1>1111111 1111111111 111 1111 me 1111111. 1111
1111111111. 11111111111111111111111111111111111111111111111111111111.1111111111--11111
1111111111111111111111111111 111 1111111111111111 111 11111111111111 (11111111111111111111111111 (1111111111
111 1111111111 6111111111 1111111.

. 11111111
,3 . 11111
ξ 11111111 8111111.

811111Ὀ1111111ο a
1111111111. μξ ὓ· .' ’ξ’ *³³

1111111111

’1131111111111 14 3111111111. ’ 1.111111111.1.11111111.Ι
, *1111111 1111111111. 18 1,.1111111111 t. gmmsmrtot inl 3 1 1 1 3 1 '1

1 11161111. 15 3111111111 11ἒὶ1321πὲ11111 1111111 Ι10 7 7 3 2 4
, ⁴* 1111111111111. 15 3111111111. 1111111111 111 1 3121210 i

)3111111111.1111111111111111ῐῷ1 91111111111111111111111111111111111111111111111111,111 ¹
11111111 1111111111 111111 1111111111 111 1111. 8111111111 111 11111 111 111111111111111111111111111111.

 

