⁰ 1
ΙΙ
, ,10
Ι

.. 91111 111 111 18. 1111111111 1111111111 111 111 11111111161111111111111111 81111111 1111 11111
¹· 1111111111 ιιι 1111111111611 111111 1111 1111 11111 111111111111 ·.1111 611111111111111111119111111
’ 1. 3. ιι. 611. 1. 1111 21; 9111111111 Ε111111111119111191111111111111111. ·

91111 11191111111111111 1111111111 6111111111ιό 31111 1111111111 1111 1. 91111111111Η111
. 111111111111111111111111111811111111111111111111111111 111 111 11111111 6111111111 1111111111 1111·

ιιιιιι 91111, 111111111111111111111’11111111111111111111911111111111111111111111111911111 1
. 1111111111. ’ · · - '

11111111111111111 111 1111 91111111111111111111 111 1111111111 111. 1111111 mit
ι 1111111 11111 11111111 111 ’11111111 1111 1111 1111111111111 111 1111111111 (111111.

1911111 1111191111111111 111111111111 1111 991111 11111111111.1111111191111111111111
111 11111111 111 81111111 6111111111 1111111111111 1111 9111111111111111111111111111 1111111111 111·
‚⁸ 11111111111111111 11111111. ’

.- , ιι ⁴* ιι
’ ’ vm 11111111111111111111111111 11111111 1111· 111 1111111111 111111111 1. ῠ1111111111111 111
j 9111111111 111 1111111111, 111. 91111111, 111 1111 1111111111 1111111111.11111111111111191111111
91111111111111111111. 111 111 1111111111-11111111 111 111111 11111 11. 911111 111111 &malpel

111111111111111111111191111111111. ο111111111111111111111111111111111, 11111111111111111111111’ ⁸

1111 «1111111111 111116111111111111 111. 11 111 9111111111 1111111111 1116111111 1111191111111111

1111111111111111111119111.911111111111111111111111111111111191111111111111. · 1
ι

1111111111. 11111 0111111 111 1111111111 ιιι 111111 1111111111 11 9111111111 11111111111111111111111
ιιιιιιι 11 1111111111 1111111. 9111111111 111 11111111.

’ 91111111111111111116111111111111111111111111111111111) 111111111111111 1111111111111111 , ’

’ 1111111111111111111111 11111191111111111 1111111111. 111111 111 111111 1111111 1111111111 111 11111 1111
11111111 (11111111 111 1111.111111111111111111111.

’ . 911111111111111116111111111111111111111111111111111111111111111111111 91111111ιῴ 1111. ω’ “

11· ὕὟ..

. 111 111111111111111 1111111111 111 ι111111111111111 1111111111111111111111111 9111111111ιί1 111,

, 11111111111111111111111111111 111111111111111111111119111111111111111111111111111111111855, ¹ ¹

1111111111111111111111111111111111 2) 111 11111111111111111 11111111 1111 111111 1111111111
111111111111111. 91411111 1) 111 1111 11111 9111111 1111111 1111111) 11119111111111111111 .

Ι Ὦ ι “ Ι

*1 11111. 1111111111 1111111 11. 11.

 

