34 11451 5111151105. ⁴
35 &cors 1015155. Α. C.

3553915555. ·

3714555353. ' 12 10 5355555.
3811111511551113144. 14 maian.
33 11145 «hemana. 10 101111141ηῴ15.

40 351115 8511545.
41 0113345 31115.

43 emam.
10 9115551114.
4256541511145153. 12 1111555155.
42 ’1154411 11559541. 12 ·- 1111151155.
44 3153155 comte. 11 1111115145.
45 351111313155541115. 12 4111151155.
46 &tang 1144511. Α. (1.- 11 11 5111311315.
45 554 555533.. 12 3555554.
48 11141 8111355. 11 9111531145.
43 1115155454. 12 98515144.

·1. «5455511141.

1141155455. “ 11 39 31120 27 1

655311455511115. ’ 1 2637442111
1. 11541355415411 551 1313238 32 V

· ' . 105311451111414454

1143434141.

104114511141113. 1413635 2011. ⁴

831545. · 11, 36 38 46 37 111,

χ t. 45543335 144553.. 111 35 84230V11

1355114551 1. (3553415
ffietgwerw ιι. &alb
514511515111553131.
15511111155151154.
1. 0144115404. 140 41 345011

“ 1. 354145359154111501. 1443353 V

'Dt'mtmnnm 11 38 46 50 41 111
(514115490111155. 115243 2054111
0154615144. 1 42 50 38 43 111 ‹
0531115115. · 11 48 47 49 1011
137 51 51 3911
554111031318411314155. l 49 52 27 36 11
1. 1111ςί1144155. 1 47 44 35 55 Vm
1. 5515511510 in {822¹ 4645 4048 1111

· 5411313135.

5ο mm 5534 5. 5541111335 in 535345. t. 3455553 in 51. 54ι 33 45 453

1114143 11151. · 12 6111154155.
52 1134311 55454351. Α. C. 11 5111151355.
53 351531 Deum. 11 2111151153.
543511411113154155. 11 3541514555.

55 3314550555345116. ,9 manwen.

-3451111454510 12 3111541141..

“ 3151454115.

1153 42 41 4911

t. 55455433. 1114549'4753v111

5. 35554. 1v 5115414434 vu

1. 01534410151511455. 1 54 53155 51 111

1. 614411140115153.. 111 55 55 54 52
11441145110535541 , '

. 1854555115 u. 6415

. 5351151510111515
. 131111155551155

3351151113 15 Danais. 'j ·-· - - -

 

